../pos/1.jpg 1 0 0 200 200
../pos/10.jpg 1 0 0 200 200
../pos/100.jpg 1 0 0 200 200
../pos/101.jpg 1 0 0 200 200
../pos/103.jpg 1 0 0 200 200
../pos/104.jpg 1 0 0 200 200
../pos/105.jpg 1 0 0 200 200
../pos/106.jpg 1 0 0 200 200
../pos/107.jpg 1 0 0 200 200
../pos/108.jpg 1 0 0 200 200
../pos/109.jpg 1 0 0 200 200
../pos/11.jpg 1 0 0 200 200
../pos/110.jpg 1 0 0 200 200
../pos/111.jpg 1 0 0 200 200
../pos/112.jpg 1 0 0 200 200
../pos/114.jpg 1 0 0 200 200
../pos/115.jpg 1 0 0 200 200
../pos/116.jpg 1 0 0 200 200
../pos/117.jpg 1 0 0 200 200
../pos/118.jpg 1 0 0 200 200
../pos/119.jpg 1 0 0 200 200
../pos/12.jpg 1 0 0 200 200
../pos/120.jpg 1 0 0 200 200
../pos/121.jpg 1 0 0 200 200
../pos/122.jpg 1 0 0 200 200
../pos/123.jpg 1 0 0 200 200
../pos/124.jpg 1 0 0 200 200
../pos/125.jpg 1 0 0 200 200
../pos/126.jpg 1 0 0 200 200
../pos/127.jpg 1 0 0 200 200
../pos/128.jpg 1 0 0 200 200
../pos/129.jpg 1 0 0 200 200
../pos/130.jpg 1 0 0 200 200
../pos/131.jpg 1 0 0 200 200
../pos/132.jpg 1 0 0 200 200
../pos/134.jpg 1 0 0 200 200
../pos/135.jpg 1 0 0 200 200
../pos/136.jpg 1 0 0 200 200
../pos/137.jpg 1 0 0 200 200
../pos/138.jpg 1 0 0 200 200
../pos/139.jpg 1 0 0 200 200
../pos/140.jpg 1 0 0 200 200
../pos/141.jpg 1 0 0 200 200
../pos/142.jpg 1 0 0 200 200
../pos/143.jpg 1 0 0 200 200
../pos/144.jpg 1 0 0 200 200
../pos/145.jpg 1 0 0 200 200
../pos/146.jpg 1 0 0 200 200
../pos/147.jpg 1 0 0 200 200
../pos/150.jpg 1 0 0 200 200
../pos/151.jpg 1 0 0 200 200
../pos/152.jpg 1 0 0 200 200
../pos/153.jpg 1 0 0 200 200
../pos/154.jpg 1 0 0 200 200
../pos/155.jpg 1 0 0 200 200
../pos/156.jpg 1 0 0 200 200
../pos/158.jpg 1 0 0 200 200
../pos/159.jpg 1 0 0 200 200
../pos/16.jpg 1 0 0 200 200
../pos/160.jpg 1 0 0 200 200
../pos/161.jpg 1 0 0 200 200
../pos/162.jpg 1 0 0 200 200
../pos/164.jpg 1 0 0 200 200
../pos/165.jpg 1 0 0 200 200
../pos/167.jpg 1 0 0 200 200
../pos/168.jpg 1 0 0 200 200
../pos/169.jpg 1 0 0 200 200
../pos/17.jpg 1 0 0 200 200
../pos/170.jpg 1 0 0 200 200
../pos/171.jpg 1 0 0 200 200
../pos/175.jpg 1 0 0 200 200
../pos/179.jpg 1 0 0 200 200
../pos/18.jpg 1 0 0 200 200
../pos/180.jpg 1 0 0 200 200
../pos/181.jpg 1 0 0 200 200
../pos/182.jpg 1 0 0 200 200
../pos/183.jpg 1 0 0 200 200
../pos/185.jpg 1 0 0 200 200
../pos/186.jpg 1 0 0 200 200
../pos/187.jpg 1 0 0 200 200
../pos/188.jpg 1 0 0 200 200
../pos/189.jpg 1 0 0 200 200
../pos/19.jpg 1 0 0 200 200
../pos/190.jpg 1 0 0 200 200
../pos/191.jpg 1 0 0 200 200
../pos/192.jpg 1 0 0 200 200
../pos/193.jpg 1 0 0 200 200
../pos/194.jpg 1 0 0 200 200
../pos/195.jpg 1 0 0 200 200
../pos/196.jpg 1 0 0 200 200
../pos/197.jpg 1 0 0 200 200
../pos/198.jpg 1 0 0 200 200
../pos/199.jpg 1 0 0 200 200
../pos/2.jpg 1 0 0 200 200
../pos/20.jpg 1 0 0 200 200
../pos/200.jpg 1 0 0 200 200
../pos/201.jpg 1 0 0 200 200
../pos/202.jpg 1 0 0 200 200
../pos/203.jpg 1 0 0 200 200
../pos/204.jpg 1 0 0 200 200
../pos/205.jpg 1 0 0 200 200
../pos/206.jpg 1 0 0 200 200
../pos/207.jpg 1 0 0 200 200
../pos/21.jpg 1 0 0 200 200
../pos/210.jpg 1 0 0 200 200
../pos/211.jpg 1 0 0 200 200
../pos/212.jpg 1 0 0 200 200
../pos/213.jpg 1 0 0 200 200
../pos/214.jpg 1 0 0 200 200
../pos/215.jpg 1 0 0 200 200
../pos/217.jpg 1 0 0 200 200
../pos/218.jpg 1 0 0 200 200
../pos/219.jpg 1 0 0 200 200
../pos/220.jpg 1 0 0 200 200
../pos/221.jpg 1 0 0 200 200
../pos/222.jpg 1 0 0 200 200
../pos/223.jpg 1 0 0 200 200
../pos/224.jpg 1 0 0 200 200
../pos/225.jpg 1 0 0 200 200
../pos/226.jpg 1 0 0 200 200
../pos/227.jpg 1 0 0 200 200
../pos/228.jpg 1 0 0 200 200
../pos/23.jpg 1 0 0 200 200
../pos/232.jpg 1 0 0 200 200
../pos/233.jpg 1 0 0 200 200
../pos/235.jpg 1 0 0 200 200
../pos/236.jpg 1 0 0 200 200
../pos/237.jpg 1 0 0 200 200
../pos/238.jpg 1 0 0 200 200
../pos/239.jpg 1 0 0 200 200
../pos/240.jpg 1 0 0 200 200
../pos/241.jpg 1 0 0 200 200
../pos/242.jpg 1 0 0 200 200
../pos/245.jpg 1 0 0 200 200
../pos/246.jpg 1 0 0 200 200
../pos/247.jpg 1 0 0 200 200
../pos/248.jpg 1 0 0 200 200
../pos/249.jpg 1 0 0 200 200
../pos/250.jpg 1 0 0 200 200
../pos/251.jpg 1 0 0 200 200
../pos/252.jpg 1 0 0 200 200
../pos/253.jpg 1 0 0 200 200
../pos/254.jpg 1 0 0 200 200
../pos/256.jpg 1 0 0 200 200
../pos/257.jpg 1 0 0 200 200
../pos/258.jpg 1 0 0 200 200
../pos/26.jpg 1 0 0 200 200
../pos/260.jpg 1 0 0 200 200
../pos/261.jpg 1 0 0 200 200
../pos/263.jpg 1 0 0 200 200
../pos/264.jpg 1 0 0 200 200
../pos/265.jpg 1 0 0 200 200
../pos/266.jpg 1 0 0 200 200
../pos/267.jpg 1 0 0 200 200
../pos/268.jpg 1 0 0 200 200
../pos/269.jpg 1 0 0 200 200
../pos/27.jpg 1 0 0 200 200
../pos/270.jpg 1 0 0 200 200
../pos/272.jpg 1 0 0 200 200
../pos/273.jpg 1 0 0 200 200
../pos/274.jpg 1 0 0 200 200
../pos/275.jpg 1 0 0 200 200
../pos/276.jpg 1 0 0 200 200
../pos/277.jpg 1 0 0 200 200
../pos/278.jpg 1 0 0 200 200
../pos/280.jpg 1 0 0 200 200
../pos/281.jpg 1 0 0 200 200
../pos/282.jpg 1 0 0 200 200
../pos/283.jpg 1 0 0 200 200
../pos/284.jpg 1 0 0 200 200
../pos/285.jpg 1 0 0 200 200
../pos/286.jpg 1 0 0 200 200
../pos/287.jpg 1 0 0 200 200
../pos/29.jpg 1 0 0 200 200
../pos/291.jpg 1 0 0 200 200
../pos/292.jpg 1 0 0 200 200
../pos/293.jpg 1 0 0 200 200
../pos/295.jpg 1 0 0 200 200
../pos/296.jpg 1 0 0 200 200
../pos/297.jpg 1 0 0 200 200
../pos/298.jpg 1 0 0 200 200
../pos/299.jpg 1 0 0 200 200
../pos/3.jpg 1 0 0 200 200
../pos/30.jpg 1 0 0 200 200
../pos/302.jpg 1 0 0 200 200
../pos/303.jpg 1 0 0 200 200
../pos/304.jpg 1 0 0 200 200
../pos/307.jpg 1 0 0 200 200
../pos/308.jpg 1 0 0 200 200
../pos/309.jpg 1 0 0 200 200
../pos/31.jpg 1 0 0 200 200
../pos/310.jpg 1 0 0 200 200
../pos/311.jpg 1 0 0 200 200
../pos/312.jpg 1 0 0 200 200
../pos/313.jpg 1 0 0 200 200
../pos/314.jpg 1 0 0 200 200
../pos/315.jpg 1 0 0 200 200
../pos/316.jpg 1 0 0 200 200
../pos/317.jpg 1 0 0 200 200
../pos/318.jpg 1 0 0 200 200
../pos/319.jpg 1 0 0 200 200
../pos/32.jpg 1 0 0 200 200
../pos/320.jpg 1 0 0 200 200
../pos/322.jpg 1 0 0 200 200
../pos/323.jpg 1 0 0 200 200
../pos/324.jpg 1 0 0 200 200
../pos/326.jpg 1 0 0 200 200
../pos/327.jpg 1 0 0 200 200
../pos/329.jpg 1 0 0 200 200
../pos/333.jpg 1 0 0 200 200
../pos/334.jpg 1 0 0 200 200
../pos/335.jpg 1 0 0 200 200
../pos/336.jpg 1 0 0 200 200
../pos/337.jpg 1 0 0 200 200
../pos/338.jpg 1 0 0 200 200
../pos/339.jpg 1 0 0 200 200
../pos/340.jpg 1 0 0 200 200
../pos/341.jpg 1 0 0 200 200
../pos/343.jpg 1 0 0 200 200
../pos/344.jpg 1 0 0 200 200
../pos/345.jpg 1 0 0 200 200
../pos/346.jpg 1 0 0 200 200
../pos/348.jpg 1 0 0 200 200
../pos/350.jpg 1 0 0 200 200
../pos/351.jpg 1 0 0 200 200
../pos/352.jpg 1 0 0 200 200
../pos/353.jpg 1 0 0 200 200
../pos/354.jpg 1 0 0 200 200
../pos/355.jpg 1 0 0 200 200
../pos/356.jpg 1 0 0 200 200
../pos/357.jpg 1 0 0 200 200
../pos/358.jpg 1 0 0 200 200
../pos/359.jpg 1 0 0 200 200
../pos/36.jpg 1 0 0 200 200
../pos/360.jpg 1 0 0 200 200
../pos/362.jpg 1 0 0 200 200
../pos/364.jpg 1 0 0 200 200
../pos/365.jpg 1 0 0 200 200
../pos/366.jpg 1 0 0 200 200
../pos/369.jpg 1 0 0 200 200
../pos/37.jpg 1 0 0 200 200
../pos/370.jpg 1 0 0 200 200
../pos/371.jpg 1 0 0 200 200
../pos/372.jpg 1 0 0 200 200
../pos/373.jpg 1 0 0 200 200
../pos/374.jpg 1 0 0 200 200
../pos/375.jpg 1 0 0 200 200
../pos/377.jpg 1 0 0 200 200
../pos/378.jpg 1 0 0 200 200
../pos/379.jpg 1 0 0 200 200
../pos/38.jpg 1 0 0 200 200
../pos/380.jpg 1 0 0 200 200
../pos/381.jpg 1 0 0 200 200
../pos/382.jpg 1 0 0 200 200
../pos/383.jpg 1 0 0 200 200
../pos/384.jpg 1 0 0 200 200
../pos/385.jpg 1 0 0 200 200
../pos/386.jpg 1 0 0 200 200
../pos/387.jpg 1 0 0 200 200
../pos/388.jpg 1 0 0 200 200
../pos/389.jpg 1 0 0 200 200
../pos/39.jpg 1 0 0 200 200
../pos/390.jpg 1 0 0 200 200
../pos/391.jpg 1 0 0 200 200
../pos/393.jpg 1 0 0 200 200
../pos/394.jpg 1 0 0 200 200
../pos/395.jpg 1 0 0 200 200
../pos/396.jpg 1 0 0 200 200
../pos/397.jpg 1 0 0 200 200
../pos/398.jpg 1 0 0 200 200
../pos/399.jpg 1 0 0 200 200
../pos/4.jpg 1 0 0 200 200
../pos/40.jpg 1 0 0 200 200
../pos/400.jpg 1 0 0 200 200
../pos/401.jpg 1 0 0 200 200
../pos/403.jpg 1 0 0 200 200
../pos/404.jpg 1 0 0 200 200
../pos/405.jpg 1 0 0 200 200
../pos/406.jpg 1 0 0 200 200
../pos/407.jpg 1 0 0 200 200
../pos/408.jpg 1 0 0 200 200
../pos/409.jpg 1 0 0 200 200
../pos/411.jpg 1 0 0 200 200
../pos/413.jpg 1 0 0 200 200
../pos/414.jpg 1 0 0 200 200
../pos/416.jpg 1 0 0 200 200
../pos/417.jpg 1 0 0 200 200
../pos/418.jpg 1 0 0 200 200
../pos/419.jpg 1 0 0 200 200
../pos/420.jpg 1 0 0 200 200
../pos/421.jpg 1 0 0 200 200
../pos/422.jpg 1 0 0 200 200
../pos/423.jpg 1 0 0 200 200
../pos/424.jpg 1 0 0 200 200
../pos/425.jpg 1 0 0 200 200
../pos/426.jpg 1 0 0 200 200
../pos/427.jpg 1 0 0 200 200
../pos/43.jpg 1 0 0 200 200
../pos/430.jpg 1 0 0 200 200
../pos/431.jpg 1 0 0 200 200
../pos/434.jpg 1 0 0 200 200
../pos/435.jpg 1 0 0 200 200
../pos/436.jpg 1 0 0 200 200
../pos/437.jpg 1 0 0 200 200
../pos/439.jpg 1 0 0 200 200
../pos/44.jpg 1 0 0 200 200
../pos/440.jpg 1 0 0 200 200
../pos/442.jpg 1 0 0 200 200
../pos/443.jpg 1 0 0 200 200
../pos/444.jpg 1 0 0 200 200
../pos/446.jpg 1 0 0 200 200
../pos/447.jpg 1 0 0 200 200
../pos/448.jpg 1 0 0 200 200
../pos/449.jpg 1 0 0 200 200
../pos/45.jpg 1 0 0 200 200
../pos/450.jpg 1 0 0 200 200
../pos/451.jpg 1 0 0 200 200
../pos/452.jpg 1 0 0 200 200
../pos/453.jpg 1 0 0 200 200
../pos/455.jpg 1 0 0 200 200
../pos/456.jpg 1 0 0 200 200
../pos/457.jpg 1 0 0 200 200
../pos/461.jpg 1 0 0 200 200
../pos/462.jpg 1 0 0 200 200
../pos/463.jpg 1 0 0 200 200
../pos/464.jpg 1 0 0 200 200
../pos/465.jpg 1 0 0 200 200
../pos/466.jpg 1 0 0 200 200
../pos/468.jpg 1 0 0 200 200
../pos/469.jpg 1 0 0 200 200
../pos/47.jpg 1 0 0 200 200
../pos/470.jpg 1 0 0 200 200
../pos/471.jpg 1 0 0 200 200
../pos/472.jpg 1 0 0 200 200
../pos/473.jpg 1 0 0 200 200
../pos/474.jpg 1 0 0 200 200
../pos/475.jpg 1 0 0 200 200
../pos/476.jpg 1 0 0 200 200
../pos/477.jpg 1 0 0 200 200
../pos/478.jpg 1 0 0 200 200
../pos/479.jpg 1 0 0 200 200
../pos/48.jpg 1 0 0 200 200
../pos/480.jpg 1 0 0 200 200
../pos/481.jpg 1 0 0 200 200
../pos/482.jpg 1 0 0 200 200
../pos/484.jpg 1 0 0 200 200
../pos/485.jpg 1 0 0 200 200
../pos/487.jpg 1 0 0 200 200
../pos/49.jpg 1 0 0 200 200
../pos/490.jpg 1 0 0 200 200
../pos/491.jpg 1 0 0 200 200
../pos/492.jpg 1 0 0 200 200
../pos/493.jpg 1 0 0 200 200
../pos/494.jpg 1 0 0 200 200
../pos/495.jpg 1 0 0 200 200
../pos/496.jpg 1 0 0 200 200
../pos/498.jpg 1 0 0 200 200
../pos/499.jpg 1 0 0 200 200
../pos/5.jpg 1 0 0 200 200
../pos/50.jpg 1 0 0 200 200
../pos/500.jpg 1 0 0 200 200
../pos/501.jpg 1 0 0 200 200
../pos/502.jpg 1 0 0 200 200
../pos/503.jpg 1 0 0 200 200
../pos/504.jpg 1 0 0 200 200
../pos/505.jpg 1 0 0 200 200
../pos/506.jpg 1 0 0 200 200
../pos/508.jpg 1 0 0 200 200
../pos/509.jpg 1 0 0 200 200
../pos/51.jpg 1 0 0 200 200
../pos/510.jpg 1 0 0 200 200
../pos/513.jpg 1 0 0 200 200
../pos/514.jpg 1 0 0 200 200
../pos/515.jpg 1 0 0 200 200
../pos/516.jpg 1 0 0 200 200
../pos/517.jpg 1 0 0 200 200
../pos/518.jpg 1 0 0 200 200
../pos/520.jpg 1 0 0 200 200
../pos/522.jpg 1 0 0 200 200
../pos/523.jpg 1 0 0 200 200
../pos/524.jpg 1 0 0 200 200
../pos/525.jpg 1 0 0 200 200
../pos/528.jpg 1 0 0 200 200
../pos/53.jpg 1 0 0 200 200
../pos/533.jpg 1 0 0 200 200
../pos/535.jpg 1 0 0 200 200
../pos/536.jpg 1 0 0 200 200
../pos/537.jpg 1 0 0 200 200
../pos/538.jpg 1 0 0 200 200
../pos/54.jpg 1 0 0 200 200
../pos/540.jpg 1 0 0 200 200
../pos/542.jpg 1 0 0 200 200
../pos/544.jpg 1 0 0 200 200
../pos/547.jpg 1 0 0 200 200
../pos/548.jpg 1 0 0 200 200
../pos/549.jpg 1 0 0 200 200
../pos/55.jpg 1 0 0 200 200
../pos/550.jpg 1 0 0 200 200
../pos/551.jpg 1 0 0 200 200
../pos/553.jpg 1 0 0 200 200
../pos/554.jpg 1 0 0 200 200
../pos/555.jpg 1 0 0 200 200
../pos/556.jpg 1 0 0 200 200
../pos/558.jpg 1 0 0 200 200
../pos/559.jpg 1 0 0 200 200
../pos/56.jpg 1 0 0 200 200
../pos/560.jpg 1 0 0 200 200
../pos/561.jpg 1 0 0 200 200
../pos/562.jpg 1 0 0 200 200
../pos/563.jpg 1 0 0 200 200
../pos/564.jpg 1 0 0 200 200
../pos/565.jpg 1 0 0 200 200
../pos/567.jpg 1 0 0 200 200
../pos/568.jpg 1 0 0 200 200
../pos/569.jpg 1 0 0 200 200
../pos/57.jpg 1 0 0 200 200
../pos/570.jpg 1 0 0 200 200
../pos/571.jpg 1 0 0 200 200
../pos/574.jpg 1 0 0 200 200
../pos/575.jpg 1 0 0 200 200
../pos/576.jpg 1 0 0 200 200
../pos/578.jpg 1 0 0 200 200
../pos/579.jpg 1 0 0 200 200
../pos/58.jpg 1 0 0 200 200
../pos/580.jpg 1 0 0 200 200
../pos/581.jpg 1 0 0 200 200
../pos/582.jpg 1 0 0 200 200
../pos/583.jpg 1 0 0 200 200
../pos/585.jpg 1 0 0 200 200
../pos/587.jpg 1 0 0 200 200
../pos/589.jpg 1 0 0 200 200
../pos/59.jpg 1 0 0 200 200
../pos/592.jpg 1 0 0 200 200
../pos/593.jpg 1 0 0 200 200
../pos/594.jpg 1 0 0 200 200
../pos/595.jpg 1 0 0 200 200
../pos/596.jpg 1 0 0 200 200
../pos/597.jpg 1 0 0 200 200
../pos/598.jpg 1 0 0 200 200
../pos/599.jpg 1 0 0 200 200
../pos/6.jpg 1 0 0 200 200
../pos/60.jpg 1 0 0 200 200
../pos/600.jpg 1 0 0 200 200
../pos/601.jpg 1 0 0 200 200
../pos/602.jpg 1 0 0 200 200
../pos/603.jpg 1 0 0 200 200
../pos/604.jpg 1 0 0 200 200
../pos/605.jpg 1 0 0 200 200
../pos/606.jpg 1 0 0 200 200
../pos/608.jpg 1 0 0 200 200
../pos/609.jpg 1 0 0 200 200
../pos/61.jpg 1 0 0 200 200
../pos/610.jpg 1 0 0 200 200
../pos/611.jpg 1 0 0 200 200
../pos/612.jpg 1 0 0 200 200
../pos/614.jpg 1 0 0 200 200
../pos/615.jpg 1 0 0 200 200
../pos/616.jpg 1 0 0 200 200
../pos/617.jpg 1 0 0 200 200
../pos/618.jpg 1 0 0 200 200
../pos/619.jpg 1 0 0 200 200
../pos/62.jpg 1 0 0 200 200
../pos/620.jpg 1 0 0 200 200
../pos/621.jpg 1 0 0 200 200
../pos/623.jpg 1 0 0 200 200
../pos/624.jpg 1 0 0 200 200
../pos/625.jpg 1 0 0 200 200
../pos/626.jpg 1 0 0 200 200
../pos/627.jpg 1 0 0 200 200
../pos/628.jpg 1 0 0 200 200
../pos/63.jpg 1 0 0 200 200
../pos/630.jpg 1 0 0 200 200
../pos/631.jpg 1 0 0 200 200
../pos/634.jpg 1 0 0 200 200
../pos/635.jpg 1 0 0 200 200
../pos/636.jpg 1 0 0 200 200
../pos/637.jpg 1 0 0 200 200
../pos/638.jpg 1 0 0 200 200
../pos/639.jpg 1 0 0 200 200
../pos/64.jpg 1 0 0 200 200
../pos/640.jpg 1 0 0 200 200
../pos/641.jpg 1 0 0 200 200
../pos/642.jpg 1 0 0 200 200
../pos/643.jpg 1 0 0 200 200
../pos/644.jpg 1 0 0 200 200
../pos/646.jpg 1 0 0 200 200
../pos/647.jpg 1 0 0 200 200
../pos/648.jpg 1 0 0 200 200
../pos/649.jpg 1 0 0 200 200
../pos/65.jpg 1 0 0 200 200
../pos/650.jpg 1 0 0 200 200
../pos/651.jpg 1 0 0 200 200
../pos/653.jpg 1 0 0 200 200
../pos/655.jpg 1 0 0 200 200
../pos/656.jpg 1 0 0 200 200
../pos/658.jpg 1 0 0 200 200
../pos/661.jpg 1 0 0 200 200
../pos/662.jpg 1 0 0 200 200
../pos/663.jpg 1 0 0 200 200
../pos/665.jpg 1 0 0 200 200
../pos/666.jpg 1 0 0 200 200
../pos/667.jpg 1 0 0 200 200
../pos/669.jpg 1 0 0 200 200
../pos/67.jpg 1 0 0 200 200
../pos/670.jpg 1 0 0 200 200
../pos/671.jpg 1 0 0 200 200
../pos/672.jpg 1 0 0 200 200
../pos/673.jpg 1 0 0 200 200
../pos/674.jpg 1 0 0 200 200
../pos/675.jpg 1 0 0 200 200
../pos/677.jpg 1 0 0 200 200
../pos/678.jpg 1 0 0 200 200
../pos/679.jpg 1 0 0 200 200
../pos/68.jpg 1 0 0 200 200
../pos/681.jpg 1 0 0 200 200
../pos/682.jpg 1 0 0 200 200
../pos/683.jpg 1 0 0 200 200
../pos/684.jpg 1 0 0 200 200
../pos/685.jpg 1 0 0 200 200
../pos/686.jpg 1 0 0 200 200
../pos/687.jpg 1 0 0 200 200
../pos/688.jpg 1 0 0 200 200
../pos/689.jpg 1 0 0 200 200
../pos/69.jpg 1 0 0 200 200
../pos/690.jpg 1 0 0 200 200
../pos/693.jpg 1 0 0 200 200
../pos/694.jpg 1 0 0 200 200
../pos/695.jpg 1 0 0 200 200
../pos/696.jpg 1 0 0 200 200
../pos/698.jpg 1 0 0 200 200
../pos/699.jpg 1 0 0 200 200
../pos/7.jpg 1 0 0 200 200
../pos/70.jpg 1 0 0 200 200
../pos/700.jpg 1 0 0 200 200
../pos/701.jpg 1 0 0 200 200
../pos/702.jpg 1 0 0 200 200
../pos/703.jpg 1 0 0 200 200
../pos/705.jpg 1 0 0 200 200
../pos/706.jpg 1 0 0 200 200
../pos/707.jpg 1 0 0 200 200
../pos/708.jpg 1 0 0 200 200
../pos/709.jpg 1 0 0 200 200
../pos/71.jpg 1 0 0 200 200
../pos/710.jpg 1 0 0 200 200
../pos/711.jpg 1 0 0 200 200
../pos/712.jpg 1 0 0 200 200
../pos/713.jpg 1 0 0 200 200
../pos/714.jpg 1 0 0 200 200
../pos/715.jpg 1 0 0 200 200
../pos/716.jpg 1 0 0 200 200
../pos/717.jpg 1 0 0 200 200
../pos/718.jpg 1 0 0 200 200
../pos/719.jpg 1 0 0 200 200
../pos/72.jpg 1 0 0 200 200
../pos/720.jpg 1 0 0 200 200
../pos/721.jpg 1 0 0 200 200
../pos/722.jpg 1 0 0 200 200
../pos/723.jpg 1 0 0 200 200
../pos/724.jpg 1 0 0 200 200
../pos/725.jpg 1 0 0 200 200
../pos/727.jpg 1 0 0 200 200
../pos/728.jpg 1 0 0 200 200
../pos/729.jpg 1 0 0 200 200
../pos/730.jpg 1 0 0 200 200
../pos/732.jpg 1 0 0 200 200
../pos/733.jpg 1 0 0 200 200
../pos/735.jpg 1 0 0 200 200
../pos/738.jpg 1 0 0 200 200
../pos/739.jpg 1 0 0 200 200
../pos/74.jpg 1 0 0 200 200
../pos/740.jpg 1 0 0 200 200
../pos/742.jpg 1 0 0 200 200
../pos/744.jpg 1 0 0 200 200
../pos/745.jpg 1 0 0 200 200
../pos/746.jpg 1 0 0 200 200
../pos/748.jpg 1 0 0 200 200
../pos/749.jpg 1 0 0 200 200
../pos/75.jpg 1 0 0 200 200
../pos/750.jpg 1 0 0 200 200
../pos/751.jpg 1 0 0 200 200
../pos/752.jpg 1 0 0 200 200
../pos/753.jpg 1 0 0 200 200
../pos/754.jpg 1 0 0 200 200
../pos/755.jpg 1 0 0 200 200
../pos/76.jpg 1 0 0 200 200
../pos/761.jpg 1 0 0 200 200
../pos/762.jpg 1 0 0 200 200
../pos/763.jpg 1 0 0 200 200
../pos/764.jpg 1 0 0 200 200
../pos/765.jpg 1 0 0 200 200
../pos/766.jpg 1 0 0 200 200
../pos/767.jpg 1 0 0 200 200
../pos/768.jpg 1 0 0 200 200
../pos/769.jpg 1 0 0 200 200
../pos/77.jpg 1 0 0 200 200
../pos/770.jpg 1 0 0 200 200
../pos/773.jpg 1 0 0 200 200
../pos/774.jpg 1 0 0 200 200
../pos/775.jpg 1 0 0 200 200
../pos/776.jpg 1 0 0 200 200
../pos/777.jpg 1 0 0 200 200
../pos/778.jpg 1 0 0 200 200
../pos/779.jpg 1 0 0 200 200
../pos/78.jpg 1 0 0 200 200
../pos/782.jpg 1 0 0 200 200
../pos/783.jpg 1 0 0 200 200
../pos/786.jpg 1 0 0 200 200
../pos/787.jpg 1 0 0 200 200
../pos/79.jpg 1 0 0 200 200
../pos/790.jpg 1 0 0 200 200
../pos/791.jpg 1 0 0 200 200
../pos/792.jpg 1 0 0 200 200
../pos/793.jpg 1 0 0 200 200
../pos/794.jpg 1 0 0 200 200
../pos/795.jpg 1 0 0 200 200
../pos/796.jpg 1 0 0 200 200
../pos/797.jpg 1 0 0 200 200
../pos/798.jpg 1 0 0 200 200
../pos/8.jpg 1 0 0 200 200
../pos/80.jpg 1 0 0 200 200
../pos/800.jpg 1 0 0 200 200
../pos/801.jpg 1 0 0 200 200
../pos/804.jpg 1 0 0 200 200
../pos/805.jpg 1 0 0 200 200
../pos/806.jpg 1 0 0 200 200
../pos/807.jpg 1 0 0 200 200
../pos/808.jpg 1 0 0 200 200
../pos/809.jpg 1 0 0 200 200
../pos/81.jpg 1 0 0 200 200
../pos/810.jpg 1 0 0 200 200
../pos/811.jpg 1 0 0 200 200
../pos/812.jpg 1 0 0 200 200
../pos/813.jpg 1 0 0 200 200
../pos/814.jpg 1 0 0 200 200
../pos/815.jpg 1 0 0 200 200
../pos/816.jpg 1 0 0 200 200
../pos/817.jpg 1 0 0 200 200
../pos/818.jpg 1 0 0 200 200
../pos/819.jpg 1 0 0 200 200
../pos/82.jpg 1 0 0 200 200
../pos/820.jpg 1 0 0 200 200
../pos/822.jpg 1 0 0 200 200
../pos/823.jpg 1 0 0 200 200
../pos/824.jpg 1 0 0 200 200
../pos/826.jpg 1 0 0 200 200
../pos/828.jpg 1 0 0 200 200
../pos/83.jpg 1 0 0 200 200
../pos/831.jpg 1 0 0 200 200
../pos/833.jpg 1 0 0 200 200
../pos/834.jpg 1 0 0 200 200
../pos/835.jpg 1 0 0 200 200
../pos/836.jpg 1 0 0 200 200
../pos/837.jpg 1 0 0 200 200
../pos/838.jpg 1 0 0 200 200
../pos/839.jpg 1 0 0 200 200
../pos/84.jpg 1 0 0 200 200
../pos/840.jpg 1 0 0 200 200
../pos/841.jpg 1 0 0 200 200
../pos/842.jpg 1 0 0 200 200
../pos/844.jpg 1 0 0 200 200
../pos/846.jpg 1 0 0 200 200
../pos/847.jpg 1 0 0 200 200
../pos/848.jpg 1 0 0 200 200
../pos/849.jpg 1 0 0 200 200
../pos/85.jpg 1 0 0 200 200
../pos/850.jpg 1 0 0 200 200
../pos/851.jpg 1 0 0 200 200
../pos/852.jpg 1 0 0 200 200
../pos/856.jpg 1 0 0 200 200
../pos/857.jpg 1 0 0 200 200
../pos/858.jpg 1 0 0 200 200
../pos/859.jpg 1 0 0 200 200
../pos/86.jpg 1 0 0 200 200
../pos/861.jpg 1 0 0 200 200
../pos/862.jpg 1 0 0 200 200
../pos/863.jpg 1 0 0 200 200
../pos/864.jpg 1 0 0 200 200
../pos/865.jpg 1 0 0 200 200
../pos/866.jpg 1 0 0 200 200
../pos/868.jpg 1 0 0 200 200
../pos/87.jpg 1 0 0 200 200
../pos/88.jpg 1 0 0 200 200
../pos/9.jpg 1 0 0 200 200
../pos/90.jpg 1 0 0 200 200
../pos/91.jpg 1 0 0 200 200
../pos/92.jpg 1 0 0 200 200
../pos/93.jpg 1 0 0 200 200
../pos/94.jpg 1 0 0 200 200
../pos/95.jpg 1 0 0 200 200
../pos/96.jpg 1 0 0 200 200
../pos/97.jpg 1 0 0 200 200
../pos/98.jpg 1 0 0 200 200
../pos/99.jpg 1 0 0 200 200
